{
	Copyright 1992-2021 Sudhir Kumar and Koichiro Tamura

	This file is part of the MEGA (Molecular Evolutionary Genetics Analyis) software.

	MEGA (Molecular Evolutionary Genetics Analysis) is free software:
	you can redistribute it and/or modify it under the terms of the
	GNU General Public License as published by the Free Software
	Foundation, either version 3 of the License, or (at your option)
	any later version.

	This program is distributed in the hope that it will be useful,
	but WITHOUT ANY WARRANTY; without even the implied warranty of
	MERCHANTABILITY or FITNESS FOR A PARTICULAR PURPOSE.  See the
	GNU General Public License for more details.

	You should have received a copy of the GNU General Public License
	along with this program.  If not, see <https://www.gnu.org/licenses/>.

   Contributor(s):   The MEGA source code and software is made available in the hopes that it will be useful. 
   In keeping with the spirit and intent that the MEGA project is developed under, the authors of MEGA request that before
   distributing any significant changes to the MEGA source code (or derivatives thereof), you share
   those changes with the MEGA authors so that they may have the opportunity to test that
   the changes do not introduce errors into the code or otherwise negatively impact the correctness
   or performance of the MEGA software.
   
	Please email inqiries to s.kumar@temple.edu
}

unit MatrixConsts;

{$IFDEF FPC}
  {$MODE Delphi}
{$ENDIF}

interface

const
  DayhoffMatrix: array [0..19,0..19] of extended =
       ((0, 30, 109, 154, 33, 93, 266, 579, 21, 66, 95, 57, 29, 20, 345, 772, 590, 0, 20, 365),
        (30, 0, 17, 0, 10, 120, 0, 10, 103, 30, 17, 477, 17, 7, 67, 137, 20, 27, 3, 20),
        (109, 17, 0, 532, 0, 50, 94, 156, 226, 36, 37, 322, 0, 7, 27, 432, 169, 3, 36, 13),
        (154, 0, 532, 0, 0, 76, 831, 162, 43, 13, 0, 85, 0, 0, 10, 98, 57, 0, 0, 17),
        (33, 10, 0, 0, 0, 0, 0, 10, 10, 17, 0, 0, 0, 0, 10, 117, 10, 0, 30, 33),
        (93, 120, 50, 76, 0, 0, 422, 30, 243, 8, 75, 147, 20, 0, 93, 47, 37, 0, 0, 27),
        (266, 0, 94, 831, 0, 422, 0, 112, 23, 35, 15, 104, 7, 0, 40, 86, 31, 0, 10, 37),
        (579, 10, 156, 162, 10, 30, 112, 0, 10, 0, 17, 60, 7, 17, 49, 450, 50, 0, 0, 97),
        (21, 103, 226, 43, 10, 243, 23, 10, 0, 3, 40, 23, 0, 20, 50, 26, 14, 3, 40, 30),
        (66, 30, 36, 13, 17, 8, 35, 0, 3, 0, 253, 43, 57, 90, 7, 20, 129, 0, 13, 661),
        (95, 17, 37, 0, 0, 75, 15, 17, 40, 253, 0, 39, 207, 167, 43, 32, 52, 13, 23, 303),
        (57, 477, 322, 85, 0, 147, 104, 60, 23, 43, 39, 0, 90, 0, 43, 168, 200, 0, 10, 17),
        (29, 17, 0, 0, 0, 20, 7, 7, 0, 57, 207, 90, 0, 17, 4, 20, 28, 0, 0, 77),
        (20, 7, 7, 0, 0, 0, 0, 17, 20, 90, 167, 0, 17, 0, 7, 40, 10, 10, 260, 10),
        (345, 67, 27, 10, 10, 93, 40, 49, 50, 7, 43, 43, 4, 7, 0, 269, 73, 0, 0, 50),
        (772, 137, 432, 98, 117, 47, 86, 450, 26, 20, 32, 168, 20, 40, 269, 0, 696, 17, 22, 43),
        (590, 20, 169, 57, 10, 37, 31, 50, 14, 129, 52, 200, 28, 10, 73, 696, 0, 0, 23, 186),
        (0, 27, 3, 0, 0, 0, 0, 0, 3, 0, 13, 0, 0, 10, 0, 17, 0, 0, 6, 0),
        (20, 3, 36, 0, 30, 0, 10, 0, 40, 13, 23, 10, 0, 260, 0, 22, 23, 6, 0, 17),
        (365, 20, 13, 17, 33, 27, 37, 97, 30, 661, 303, 17, 77, 10, 50, 43, 186, 0, 17, 0));    //Rij*fi*fj

  JTTMatrix: array [0..19,0..19] of extended =
       ((0, 247, 216, 386, 106, 208, 600, 1183, 46, 173, 257, 200, 100, 51, 901, 2413, 2440, 11, 41, 1766),
        (247, 0, 116, 48, 125, 750, 119, 614, 446, 76, 205, 2348, 61, 16, 217, 413, 230, 109, 46, 69),
        (216, 116, 0, 1433, 32, 159, 180, 291, 466, 130, 63, 758, 39, 15, 31, 1738, 693, 2, 114, 55),
        (386, 48, 1433, 0, 13, 130, 2914, 577, 144, 37, 34, 102, 27, 8, 39, 244, 151, 5, 89, 127),
        (106, 125, 32, 13, 0, 9, 8, 98, 40, 19, 36, 7, 23, 66, 15, 353, 66, 38, 164, 99),
        (208, 750, 159, 130, 9, 0, 1027, 84, 635, 20, 314, 858, 52, 9, 395, 182, 149, 12, 40, 58),
        (600, 119, 180, 2914, 8, 1027, 0, 610, 41, 43, 65, 754, 30, 13, 71, 156, 142, 12, 15, 226),
        (1183, 614, 291, 577, 98, 84, 610, 0, 41, 25, 56, 142, 27, 18, 93, 1131, 164, 69, 15, 276),
        (46, 446, 466, 144, 40, 635, 41, 41, 0, 26, 134, 85, 21, 50, 157, 138, 76, 5, 514, 22),
        (173, 76, 130, 37, 19, 20, 43, 25, 26, 0, 1324, 75, 704, 196, 31, 172, 930, 12, 61, 3938),
        (257, 205, 63, 34, 36, 314, 65, 56, 134, 1324, 0, 94, 974, 1093, 578, 436, 172, 82, 84, 1261),
        (200, 2348, 758, 102, 7, 858, 754, 142, 85, 75, 94, 0, 103, 7, 77, 228, 398, 9, 20, 58),
        (100, 61, 39, 27, 23, 52, 30, 27, 21, 704, 974, 103, 0, 49, 23, 54, 343, 8, 17, 559),
        (51, 16, 15, 8, 66, 9, 13, 18, 50, 196, 1093, 7, 49, 0, 36, 309, 39, 37, 850, 189),
        (901, 217, 31, 39, 15, 395, 71, 93, 157, 31, 578, 77, 23, 36, 0, 1138, 412, 6, 22, 84),
        (2413, 413, 1738, 244, 353, 182, 156, 1131, 138, 172, 436, 228, 54, 309, 1138, 0, 2258, 36, 164, 219),
        (2440, 230, 693, 151, 66, 149, 142, 164, 76, 930, 172, 398, 343, 39, 412, 2258, 0, 8, 45, 526),
        (11, 109, 2, 5, 38, 12, 12, 69, 5, 12, 82, 9, 8, 37, 6, 36, 8, 0, 41, 27),
        (41, 46, 114, 89, 164, 40, 15, 15, 514, 61, 84, 20, 17, 850, 22, 164, 45, 41, 0, 42),
        (1766, 69, 55, 127, 99, 58, 226, 276, 22, 3938, 1261, 58, 559, 189, 84, 219, 526, 27, 42, 0));    //Rij*fi*fj

  mtREV24Matrix: array [0..19,0..19] of extended =
       ((0, 122, 142, 93, 315, 10, 51, 635, 73, 508, 134, 44, 747, 34, 286, 2041, 2530, 10, 34, 1027),
        (122, 0, 70, 10, 544, 1163, 10, 121, 870, 10, 82, 744, 10, 25, 124, 32, 11, 116, 10, 40),
        (142, 70, 0, 4181, 310, 913, 332, 281, 2611, 143, 80, 3204, 344, 80, 386, 2602, 1255, 56, 1007, 10),
        (93, 10, 4181, 0, 10, 291, 3071, 299, 600, 23, 10, 12, 10, 26, 71, 363, 147, 105, 112, 10),
        (315, 544, 310, 10, 0, 396, 10, 162, 745, 330, 135, 10, 33, 373, 165, 1458, 947, 177, 1341, 10),
        (10, 1163, 913, 291, 396, 0, 1650, 36, 3065, 44, 209, 2450, 249, 101, 723, 285, 500, 10, 204, 100),
        (51, 10, 332, 3071, 10, 1650, 0, 149, 259, 17, 10, 1652, 10, 14, 68, 288, 78, 10, 69, 111),
        (635, 121, 281, 299, 162, 36, 149, 0, 10, 31, 13, 120, 10, 10, 10, 663, 59, 57, 17, 13),
        (73, 870, 2611, 600, 745, 3065, 259, 10, 0, 65, 60, 672, 63, 253, 321, 408, 236, 37, 3527, 10),
        (508, 10, 143, 23, 330, 44, 17, 31, 65, 0, 1732, 103, 2726, 446, 109, 251, 1939, 10, 132, 6437),
        (134, 82, 80, 10, 135, 209, 10, 13, 60, 1732, 0, 78, 2829, 1137, 211, 387, 665, 171, 232, 482),
        (44, 744, 3204, 12, 10, 2450, 1652, 120, 672, 103, 78, 0, 481, 34, 264, 557, 718, 126, 269, 10),
        (747, 10, 344, 10, 33, 249, 10, 10, 63, 2726, 2829, 481, 0, 478, 99, 585, 2780, 114, 210, 2040),
        (34, 25, 80, 26, 373, 101, 14, 10, 253, 446, 1137, 34, 478, 0, 91, 338, 178, 41, 2450, 33),
        (286, 124, 386, 71, 165, 723, 68, 10, 321, 109, 211, 264, 99, 91, 0, 894, 675, 22, 85, 43),
        (2041, 32, 2602, 363, 1458, 285, 288, 663, 408, 251, 387, 557, 585, 338, 894, 0, 3143, 203, 342, 10),
        (2530, 11, 1255, 147, 947, 500, 78, 59, 236, 1939, 665, 718, 2780, 178, 675, 3143, 0, 53, 204, 1077),
        (10, 116, 56, 105, 177, 10, 10, 57, 37, 10, 171, 126, 114, 41, 22, 203, 53, 0, 138, 28),
        (34, 10, 1007, 112, 1341, 204, 69, 17, 3527, 132, 232, 269, 210, 2450, 85, 342, 204, 138, 0, 10),
        (1027, 40, 10, 10, 10, 100, 111, 13, 10, 6437, 482, 10, 2040, 33, 43, 10, 1077, 28, 10, 0));         //Rij
{
       ((0, 379, 904, 289, 309, 41, 202, 5812, 335, 7301, 3678, 165, 6587, 334, 2521, 24011, 35547, 47, 184, 7212),
        (1435, 0, 444, 31, 533, 4750, 39, 1109, 3978, 144, 2250, 2796, 88, 246, 1097, 374, 154, 547, 54, 282),
        (1668, 216, 0, 12977, 304, 3731, 1301, 2566, 11944, 2050, 2189, 12037, 3037, 797, 3404, 30606, 17633, 266, 5430, 70),
        (1094, 31, 26638, 0, 10, 1188, 12042, 2733, 2744, 328, 274, 46, 88, 261, 624, 4273, 2071, 495, 602, 70),
        (3710, 1688, 1976, 31, 0, 1617, 39, 1479, 3406, 4747, 3705, 38, 287, 3714, 1452, 17151, 13308, 838, 7229, 70),
        (118, 3610, 5820, 903, 388, 0, 6471, 325, 14021, 631, 5735, 9207, 2199, 1002, 6374, 3350, 7019, 47, 1101, 702),
        (605, 31, 2114, 9533, 10, 6740, 0, 1362, 1183, 250, 274, 6207, 88, 140, 596, 3387, 1096, 47, 372, 782),
        (7473, 376, 1787, 927, 158, 145, 584, 0, 46, 452, 349, 449, 88, 100, 88, 7796, 826, 272, 91, 94),
        (860, 2699, 16637, 1862, 730, 12519, 1014, 91, 0, 928, 1660, 2525, 556, 2526, 2831, 4795, 3312, 177, 19015, 70),
        (5973, 31, 909, 71, 324, 179, 68, 288, 295, 0, 47537, 387, 24050, 4441, 958, 2953, 27243, 47, 710, 45214),
        (1576, 254, 508, 31, 132, 853, 39, 116, 277, 24900, 0, 294, 24957, 11332, 1862, 4557, 9346, 809, 1253, 3389),
        (518, 2310, 20411, 38, 10, 10008, 6477, 1094, 3074, 1481, 2149, 0, 4243, 338, 2326, 6549, 10080, 598, 1452, 70),
        (8783, 31, 2193, 31, 32, 1018, 39, 91, 288, 39192, 77645, 1807, 0, 4763, 875, 6882, 39055, 541, 1134, 14328),
        (394, 77, 510, 81, 365, 411, 55, 91, 1159, 6406, 31210, 127, 4217, 0, 804, 3980, 2503, 196, 13210, 235),
        (3362, 386, 2458, 219, 161, 2951, 265, 91, 1468, 1561, 5793, 991, 875, 908, 0, 10518, 9481, 105, 460, 304),
        (24011, 99, 16578, 1128, 1429, 1163, 1129, 6063, 1865, 3609, 10633, 2092, 5161, 3372, 7888, 0, 44160, 962, 1842, 70),
        (29760, 34, 7996, 458, 928, 2041, 306, 538, 1078, 27877, 18258, 2696, 24523, 1775, 5953, 36971, 0, 249, 1099, 7562),
        (118, 359, 358, 324, 173, 41, 39, 526, 171, 144, 4685, 475, 1008, 411, 196, 2388, 738, 0, 745, 199),
        (401, 31, 6417, 347, 1314, 834, 271, 154, 16134, 1892, 6377, 1012, 1855, 24419, 753, 4019, 2864, 654, 0, 70),
        (12076, 125, 64, 31, 10, 408, 436, 122, 46, 92532, 13242, 38, 17994, 333, 382, 118, 15125, 134, 54, 0));    //Rij*fj
}

  cpREVMatrix: array [0..19,0..19] of extended =
       ((0, 125, 180, 124, 115, 115, 469, 1061, 31, 228, 380, 227, 78, 66, 402, 2871, 1381, 5, 33, 1211),
        (152, 0, 281, 32, 141, 1265, 150, 389, 335, 209, 391, 4265, 52, 51, 72, 457, 326, 79, 188, 117),
        (332, 426, 0, 3108, 93, 558, 995, 1040, 656, 258, 219, 2310, 26, 94, 143, 2450, 1433, 13, 439, 105),
        (253, 53, 3435, 0, 2, 294, 3459, 689, 156, 17, 20, 400, 19, 22, 140, 699, 277, 6, 164, 94),
        (965, 968, 419, 8, 0, 8, 11, 484, 207, 432, 762, 50, 67, 699, 235, 2742, 597, 150, 854, 741),
        (228, 2059, 600, 286, 2, 0, 2926, 214, 593, 142, 550, 3155, 84, 10, 265, 469, 251, 18, 228, 69),
        (717, 188, 824, 2590, 2, 2255, 0, 605, 77, 228, 159, 2503, 47, 139, 153, 673, 383, 21, 83, 251),
        (958, 288, 508, 305, 52, 97, 357, 0, 9, 62, 39, 253, 8, 24, 24, 816, 96, 28, 6, 115),
        (96, 845, 1091, 235, 76, 919, 154, 31, 0, 44, 128, 296, 4, 123, 125, 360, 35, 23, 1150, 31),
        (214, 161, 131, 7, 48, 67, 140, 64, 13, 0, 3346, 330, 740, 438, 96, 257, 1071, 14, 52, 5981),
        (284, 240, 89, 7, 68, 207, 78, 32, 31, 2667, 0, 209, 566, 1219, 180, 609, 163, 55, 111, 1089),
        (342, 5255, 1878, 294, 9, 2389, 2459, 421, 144, 528, 420, 0, 81, 70, 248, 1024, 945, 3, 145, 312),
        (267, 148, 48, 33, 27, 146, 107, 33, 4, 2707, 2597, 185, 0, 316, 82, 112, 665, 29, 126, 604),
        (99, 63, 76, 16, 125, 8, 136, 40, 60, 698, 2436, 69, 137, 0, 36, 575, 154, 161, 1381, 400),
        (706, 104, 136, 120, 49, 235, 175, 46, 71, 180, 423, 289, 42, 42, 0, 1418, 270, 17, 57, 154),
        (3491, 456, 1614, 416, 400, 287, 535, 1100, 142, 332, 989, 829, 39, 467, 983, 0, 2209, 25, 304, 213),
        (1924, 372, 1081, 189, 99, 176, 349, 149, 15, 1589, 304, 876, 270, 143, 214, 2531, 0, 10, 42, 955),
        (21, 271, 31, 12, 75, 38, 59, 130, 32, 65, 306, 10, 36, 451, 40, 86, 30, 0, 202, 13),
        (82, 381, 586, 199, 252, 284, 135, 17, 922, 138, 367, 238, 90, 2278, 80, 617, 75, 119, 0, 149),
        (1387, 110, 65, 52, 101, 40, 188, 145, 11, 7299, 1668, 238, 201, 307, 101, 201, 785, 3, 69, 0));    //Rij*fj

  rtREVMatrix: array [0..19,0..19] of extended =
       ((0, 34, 51, 10, 439, 32, 81, 135, 30, 1, 45, 38, 235, 1, 97, 460, 258, 5, 55, 197),
        (34, 0, 35, 30, 92, 221, 10, 41, 90, 24, 18, 593, 57, 7, 24, 102, 64, 13, 47, 29),
        (51, 35, 0, 384, 128, 236, 79, 94, 320, 35, 15, 123, 1, 49, 33, 294, 148, 16, 28, 21),
        (10, 30, 384, 0, 1, 78, 542, 61, 91, 1, 5, 20, 1, 1, 55, 163, 55, 1, 1, 6),
        (439, 92, 128, 1, 0, 70, 1, 48, 124, 104, 110, 16, 156, 70, 1, 75, 117, 55, 131, 295),
        (32, 221, 236, 78, 70, 0, 372, 18, 387, 33, 54, 309, 158, 1, 68, 225, 146, 10, 45, 36),
        (81, 10, 79, 542, 1, 372, 0, 70, 34, 1, 21, 141, 1, 1, 52, 95, 82, 17, 1, 35),
        (135, 41, 94, 61, 48, 18, 70, 0, 68, 1, 3, 30, 37, 7, 17, 152, 7, 23, 21, 3),
        (30, 90, 320, 91, 124, 387, 34, 68, 0, 34, 51, 76, 116, 141, 44, 183, 49, 48, 307, 1),
        (1, 24, 35, 1, 104, 33, 1, 1, 34, 0, 385, 34, 375, 64, 10, 4, 72, 39, 26, 1048),
        (45, 18, 15, 5, 110, 54, 21, 3, 51, 385, 0, 23, 581, 179, 22, 24, 25, 47, 64, 112),
        (38, 593, 123, 20, 16, 309, 141, 30, 76, 34, 23, 0, 134, 14, 43, 77, 110, 6, 1, 19),
        (235, 57, 1, 1, 156, 158, 1, 37, 116, 375, 581, 134, 0, 247, 1, 1, 131, 111, 74, 236),
        (1, 7, 49, 1, 70, 1, 1, 7, 141, 64, 179, 14, 247, 0, 11, 20, 69, 182, 1017, 92),
        (97, 24, 33, 55, 1, 68, 52, 17, 44, 10, 22, 43, 1, 11, 0, 134, 62, 9, 14, 25),
        (460, 102, 294, 163, 75, 225, 95, 152, 183, 4, 24, 77, 1, 20, 134, 0, 671, 14, 31, 39),
        (258, 64, 148, 55, 117, 146, 82, 7, 49, 72, 25, 110, 131, 69, 62, 671, 0, 1, 34, 196),
        (5, 13, 16, 1, 55, 10, 17, 23, 48, 39, 47, 6, 111, 182, 9, 14, 1, 0, 176, 26),
        (55, 47, 28, 1, 131, 45, 1, 21, 307, 26, 64, 1, 74, 1017, 14, 31, 34, 176, 0, 59),
        (197, 29, 21, 6, 295, 36, 35, 3, 1, 1048, 112, 19, 236, 92, 25, 39, 196, 26, 59, 0));    //Rij

  WAGMatrix: array [0..19,0..19] of extended =
       ((0,        0.551571, 0.509848, 0.738998, 1.02704,   0.908598,  1.58285,  1.41672,  0.316954, 0.193335, 0.397915, 0.906265, 0.893496, 0.210494, 1.43855,  3.37079,  2.12111,  0.113133, 0.240735, 2.00601),
        (0.551571, 0,        0.635346, 0.147304, 0.528191,  3.0355,    0.439157, 0.584665, 2.13715,  0.186979, 0.497671, 5.35142,  0.683162, 0.102711, 0.679489, 1.22419,  0.554413, 1.16392,  0.381533, 0.251849),
        (0.509848, 0.635346, 0,        5.42942,  0.265256,  1.54364,   0.947198, 1.12556,  3.95629,  0.554236, 0.131528, 3.01201,  0.198221, 0.0961621,0.195081, 3.97423,  2.03006,  0.0719167,1.086,    0.196246),
        (0.738998, 0.147304, 5.42942,  0,        0.0302949, 0.616783,  6.17416,  0.865584, 0.930676, 0.039437, 0.0848047,0.479855, 0.103754, 0.0467304,0.423984, 1.07176,  0.374866, 0.129767, 0.325711, 0.152335),
        (1.02704,  0.528191, 0.265256, 0.0302949,0,         0.0988179, 0.021352, 0.306674, 0.248972, 0.170135, 0.384287, 0.0740339,0.390482, 0.39802,  0.109404, 1.40766,  0.512984, 0.71707,  0.543833, 1.00214),
        (0.908598, 3.0355,   1.54364,  0.616783, 0.0988179, 0,         5.46947,  0.330052, 4.29411,  0.113917, 0.869489, 3.8949,   1.54526,  0.0999208,0.933372, 1.02887,  0.857928, 0.215737, 0.22771,  0.301281),
        (1.58285,  0.439157, 0.947198, 6.17416,  0.021352,  5.46947,   0,        0.567717, 0.570025, 0.127395, 0.154263, 2.58443,  0.315124, 0.0811339,0.682355, 0.704939, 0.822765, 0.156557, 0.196303, 0.588731),
        (1.41672,  0.584665, 1.12556,  0.865584, 0.306674,  0.330052,  0.567717, 0,        0.24941,  0.0304501,0.0613037,0.373558, 0.1741,   0.049931, 0.24357,  1.34182,  0.225833, 0.336983, 0.103604, 0.187247),
        (0.316954, 2.13715,  3.95629,  0.930676, 0.248972,  4.29411,   0.570025, 0.24941,  0,        0.13819,  0.499462, 0.890432, 0.404141, 0.679371, 0.696198, 0.740169, 0.473307, 0.262569, 3.87344,  0.118358),
        (0.193335, 0.186979, 0.554236, 0.039437, 0.170135,  0.113917,  0.127395, 0.0304501,0.13819,  0,        3.17097,  0.323832, 4.25746,  1.05947,  0.0999288,0.31944,  1.45816,  0.212483, 0.42017,  7.8213),
        (0.397915, 0.497671, 0.131528, 0.0848047,0.384287,  0.869489,  0.154263, 0.0613037,0.499462, 3.17097,  0,        0.257555, 4.85402,  2.11517,  0.415844, 0.344739, 0.326622, 0.665309, 0.398618, 1.80034),
        (0.906265, 5.35142,  3.01201,  0.479855, 0.0740339, 3.8949,    2.58443,  0.373558, 0.890432, 0.323832, 0.257555, 0,        0.934276, 0.088836, 0.556896, 0.96713,  1.38698,  0.137505, 0.133264, 0.305434),
        (0.893496, 0.683162, 0.198221, 0.103754, 0.390482,  1.54526,   0.315124, 0.1741,   0.404141, 4.25746,  4.85402,  0.934276, 0,        1.19063,  0.171329, 0.493905, 1.51612,  0.515706, 0.428437, 2.05845),
        (0.210494, 0.102711, 0.0961621,0.0467304,0.39802,   0.0999208, 0.0811339,0.049931, 0.679371, 1.05947,  2.11517,  0.088836, 1.19063,  0,        0.161444, 0.545931, 0.171903, 1.52964,  6.45428,  0.649892),
        (1.43855,  0.679489, 0.195081, 0.423984, 0.109404,  0.933372,  0.682355, 0.24357,  0.696198, 0.0999288,0.415844, 0.556896, 0.171329, 0.161444, 0,        1.61328,  0.795384, 0.139405, 0.216046, 0.314887),
        (3.37079,  1.22419,  3.97423,  1.07176,  1.40766,   1.02887,   0.704939, 1.34182,  0.740169, 0.31944,  0.344739, 0.96713,  0.493905, 0.545931, 1.61328,  0,        4.37802,  0.523742, 0.786993, 0.232739),
        (2.12111,  0.554413, 2.03006,  0.374866, 0.512984,  0.857928,  0.822765, 0.225833, 0.473307, 1.45816,  0.326622, 1.38698,  1.51612,  0.171903, 0.795384, 4.37802,  0,        0.110864, 0.291148, 1.38823),
        (0.113133, 1.16392,  0.0719167,0.129767, 0.71707,   0.215737,  0.156557, 0.336983, 0.262569, 0.212483, 0.665309, 0.137505, 0.515706, 1.52964,  0.139405, 0.523742, 0.110864, 0,        2.48539,  0.365369),
        (0.240735, 0.381533, 1.086,    0.325711, 0.543833,  0.22771,   0.196303, 0.103604, 3.87344,  0.42017,  0.398618, 0.133264, 0.428437, 6.45428,  0.216046, 0.786993, 0.291148, 2.48539,  0,        0.31473),
        (2.00601,  0.251849, 0.196246, 0.152335, 1.00214,   0.301281,  0.588731, 0.187247, 0.118358, 7.8213,   1.80034,  0.305434, 2.05845,  0.649892, 0.314887, 0.232739, 1.38823,  0.365369, 0.31473,  0));          //Rij

  LGMatrix: array [0..19,0..19] of extended =
       ((0,        0.425093, 0.276818, 0.395144, 2.489084, 0.969894, 1.038545, 2.066040, 0.358858, 0.149830, 0.395337, 0.536518, 1.124035, 0.253701, 1.177651, 4.727182, 2.139501, 0.180717, 0.218959, 2.547870),
        (0.425093, 0,        0.751878, 0.123954, 0.534551, 2.807908, 0.363970, 0.390192, 2.426601, 0.126991, 0.301848, 6.326067, 0.484133, 0.052722, 0.332533, 0.858151, 0.578987, 0.593607, 0.314440, 0.170887),
        (0.276818, 0.751878, 0,        5.076149, 0.528768, 1.695752, 0.541712, 1.437645, 4.509238, 0.191503, 0.068427, 2.145078, 0.371004, 0.089525, 0.161787, 4.008358, 2.000679, 0.045376, 0.612025, 0.083688),
        (0.395144, 0.123954, 5.076149, 0,        0.062556, 0.523386, 5.243870, 0.844926, 0.927114, 0.010690, 0.015076, 0.282959, 0.025548, 0.017416, 0.394456, 1.240275, 0.425860, 0.029890, 0.135107, 0.037967),
        (2.489084, 0.534551, 0.528768, 0.062556, 0,        0.084808, 0.003499, 0.569265, 0.640543, 0.320627, 0.594007, 0.013266, 0.893680, 1.105251, 0.075382, 2.784478, 1.143480, 0.670128, 1.165532, 1.959291),
        (0.969894, 2.807908, 1.695752, 0.523386, 0.084808, 0,        4.128591, 0.267959, 4.813505, 0.072854, 0.582457, 3.234294, 1.672569, 0.035855, 0.624294, 1.223828, 1.080136, 0.236199, 0.257336, 0.210332),
        (1.038545, 0.363970, 0.541712, 5.243870, 0.003499, 4.128591, 0,        0.348847, 0.423881, 0.044265, 0.069673, 1.807177, 0.173735, 0.018811, 0.419409, 0.611973, 0.604545, 0.077852, 0.120037, 0.245034),
        (2.066040, 0.390192, 1.437645, 0.844926, 0.569265, 0.267959, 0.348847, 0,        0.311484, 0.008705, 0.044261, 0.296636, 0.139538, 0.089586, 0.196961, 1.739990, 0.129836, 0.268491, 0.054679, 0.076701),
        (0.358858, 2.426601, 4.509238, 0.927114, 0.640543, 4.813505, 0.423881, 0.311484, 0,        0.108882, 0.366317, 0.697264, 0.442472, 0.682139, 0.508851, 0.990012, 0.584262, 0.597054, 5.306834, 0.119013),
        (0.149830, 0.126991, 0.191503, 0.010690, 0.320627, 0.072854, 0.044265, 0.008705, 0.108882, 0,        4.145067, 0.159069, 4.273607, 1.112727, 0.078281, 0.064105, 1.033739, 0.111660, 0.232523, 10.649107),
        (0.395337, 0.301848, 0.068427, 0.015076, 0.594007, 0.582457, 0.069673, 0.044261, 0.366317, 4.145067, 0,        0.137500, 6.312358, 2.592692, 0.249060, 0.182287, 0.302936, 0.619632, 0.299648, 1.702745),
        (0.536518, 6.326067, 2.145078, 0.282959, 0.013266, 3.234294, 1.807177, 0.296636, 0.697264, 0.159069, 0.137500, 0,        0.656604, 0.023918, 0.390322, 0.748683, 1.136863, 0.049906, 0.131932, 0.185202),
        (1.124035, 0.484133, 0.371004, 0.025548, 0.893680, 1.672569, 0.173735, 0.139538, 0.442472, 4.273607, 6.312358, 0.656604, 0,        1.798853, 0.099849, 0.346960, 2.020366, 0.696175, 0.481306, 1.898718),
        (0.253701, 0.052722, 0.089525, 0.017416, 1.105251, 0.035855, 0.018811, 0.089586, 0.682139, 1.112727, 2.592692, 0.023918, 1.798853, 0,        0.094464, 0.361819, 0.165001, 2.457121, 7.803902, 0.654683),
        (1.177651, 0.332533, 0.161787, 0.394456, 0.075382, 0.624294, 0.419409, 0.196961, 0.508851, 0.078281, 0.249060, 0.390322, 0.099849, 0.094464, 0,        1.338132, 0.571468, 0.095131, 0.089613, 0.296501),
        (4.727182, 0.858151, 4.008358, 1.240275, 2.784478, 1.223828, 0.611973, 1.739990, 0.990012, 0.064105, 0.182287, 0.748683, 0.346960, 0.361819, 1.338132, 0,        6.472279, 0.248862, 0.400547, 0.098369),
        (2.139501, 0.578987, 2.000679, 0.425860, 1.143480, 1.080136, 0.604545, 0.129836, 0.584262, 1.033739, 0.302936, 1.136863, 2.020366, 0.165001, 0.571468, 6.472279, 0,        0.140825, 0.245841, 2.188158),
        (0.180717, 0.593607, 0.045376, 0.029890, 0.670128, 0.236199, 0.077852, 0.268491, 0.597054, 0.111660, 0.619632, 0.049906, 0.696175, 2.457121, 0.095131, 0.248862, 0.140825, 0,        3.151815, 0.189510),
        (0.218959, 0.314440, 0.612025, 0.135107, 1.165532, 0.257336, 0.120037, 0.054679, 5.306834, 0.232523, 0.299648, 0.131932, 0.481306, 7.803902, 0.089613, 0.400547, 0.245841, 3.151815, 0,        0.249313),
        (2.547870, 0.170887, 0.083688, 0.037967, 1.959291, 0.210332, 0.245034, 0.076701, 0.119013, 10.649107, 1.702745, 0.185202, 1.898718, 0.654683, 0.296501, 0.098369, 2.188158, 0.189510, 0.249313, 0));

  PoissonMatrix: array [0..19,0..19] of extended =
       ((0, 1, 1, 1, 1, 1, 1, 1, 1, 1, 1, 1, 1, 1, 1, 1, 1, 1, 1, 1),
        (1, 0, 1, 1, 1, 1, 1, 1, 1, 1, 1, 1, 1, 1, 1, 1, 1, 1, 1, 1),
        (1, 1, 0, 1, 1, 1, 1, 1, 1, 1, 1, 1, 1, 1, 1, 1, 1, 1, 1, 1),
        (1, 1, 1, 0, 1, 1, 1, 1, 1, 1, 1, 1, 1, 1, 1, 1, 1, 1, 1, 1),
        (1, 1, 1, 1, 0, 1, 1, 1, 1, 1, 1, 1, 1, 1, 1, 1, 1, 1, 1, 1),
        (1, 1, 1, 1, 1, 0, 1, 1, 1, 1, 1, 1, 1, 1, 1, 1, 1, 1, 1, 1),
        (1, 1, 1, 1, 1, 1, 0, 1, 1, 1, 1, 1, 1, 1, 1, 1, 1, 1, 1, 1),
        (1, 1, 1, 1, 1, 1, 1, 0, 1, 1, 1, 1, 1, 1, 1, 1, 1, 1, 1, 1),
        (1, 1, 1, 1, 1, 1, 1, 1, 0, 1, 1, 1, 1, 1, 1, 1, 1, 1, 1, 1),
        (1, 1, 1, 1, 1, 1, 1, 1, 1, 0, 1, 1, 1, 1, 1, 1, 1, 1, 1, 1),
        (1, 1, 1, 1, 1, 1, 1, 1, 1, 1, 0, 1, 1, 1, 1, 1, 1, 1, 1, 1),
        (1, 1, 1, 1, 1, 1, 1, 1, 1, 1, 1, 0, 1, 1, 1, 1, 1, 1, 1, 1),
        (1, 1, 1, 1, 1, 1, 1, 1, 1, 1, 1, 1, 0, 1, 1, 1, 1, 1, 1, 1),
        (1, 1, 1, 1, 1, 1, 1, 1, 1, 1, 1, 1, 1, 0, 1, 1, 1, 1, 1, 1),
        (1, 1, 1, 1, 1, 1, 1, 1, 1, 1, 1, 1, 1, 1, 0, 1, 1, 1, 1, 1),
        (1, 1, 1, 1, 1, 1, 1, 1, 1, 1, 1, 1, 1, 1, 1, 0, 1, 1, 1, 1),
        (1, 1, 1, 1, 1, 1, 1, 1, 1, 1, 1, 1, 1, 1, 1, 1, 0, 1, 1, 1),
        (1, 1, 1, 1, 1, 1, 1, 1, 1, 1, 1, 1, 1, 1, 1, 1, 1, 0, 1, 1),
        (1, 1, 1, 1, 1, 1, 1, 1, 1, 1, 1, 1, 1, 1, 1, 1, 1, 1, 0, 1),
        (1, 1, 1, 1, 1, 1, 1, 1, 1, 1, 1, 1, 1, 1, 1, 1, 1, 1, 1, 0));
implementation

end.
